Batch

0.0
0.0
0.0
0.0
0.0
0.0
0.0
2949.0
2949.0
5898.0
6178.857142857143
5898.0
6990.222222222223
6758.125
6612.909090909091
5719.272727272727
6553.333333333333
7021.428571428572
6049.2307692307695
6061.833333333333
6094.6
5111.6
4915.0
4325.2
0.0
0.0
0.0
0.0
0.0
0.0
1966.0
2621.3333333333335
4718.4
5719.272727272727
6553.333333333333
5719.272727272727
6360.588235294118
6502.923076923077
6129.294117647059
6434.181818181818
6758.125
5757.571428571428
6502.923076923077
6389.5
5652.25
5024.222222222223
5504.8
4587.333333333333

