Batch

0.0
0.0
0.0
0.0
1966.0
2949.0
2949.0
5898.0
6116.444444444444
12957.727272727272
14745.0
13958.6
13490.827586206897
15605.125
15954.846153846154
15509.555555555555
14941.6
14534.357142857143
14072.421052631578
13940.727272727272
14007.75
7044.833333333333
5898.0
3538.8
0.0
0.0
0.0
0.0
0.0
0.0
1966.0
1966.0
9010.833333333334
11485.578947368422
14271.703703703704
15554.529411764706
13949.238095238095
15236.5
16145.030303030304
14713.290322580646
15269.266666666666
15666.5625
13663.7
13591.04347826087
11796.0
8453.8
8042.727272727273
3276.6666666666665

