Batch

0.0
0.0
0.0
0.0
0.0
0.0
18.025
23.700000000000003
27.639473684210525
37.56896551724138
46.78125
54.2
52.36768292682926
47.235849056603776
47.781451612903226
46.971180555555556
44.60674846625766
43.1061797752809
41.77989690721649
41.30898058252427
40.95934579439252
40.37399103139013
40.29210526315789
41.39191489361702
0.0
0.0
0.0
0.0
0.0
0.0
49.7
83.23333333333333
88.52272727272727
90.61
84.96911764705882
71.36634615384615
61.495
56.546428571428564
52.46958762886598
48.42820512820513
46.18022388059701
44.47927631578948
43.18934911242604
42.08378378378379
41.54492385786802
41.159134615384616
40.62939814814815
40.16126126126127

